10014020
10014100
10014130
10014140
10014190
10014220
10014230
10014260
10024070
10024140
10024170
10024200
10024210
10024220
10024240
10034070
10034080
10034100
10034110
10034120
10034150
10044040
10044120
10044130
10044140
10044182
10054020
10064010
10064020
10064050
10064060
10064090
10064120
10074010
10074020
10074030
10074050
10074060
10074070
10074100
10074170
10074175
10114040
10124060
10124080
10124140
10124150
10134020
10134140
10144010
10144030
10144040
10144170
10154010
10154035
10164075
10164080
10184010
10184060
10184070
10184080
10184100
10184110
10184120
10184125
10184140
10184160
10184180
10184200
10184220
10194030
10204010
10214010
10214030
10224020
10224030
10224037
10224040
10224050
10224060
10224070
10224090
10234020
10234030
10234040
11014010
11014040
11014050
11014070
11014080
11014140
13014010
13014020
13024010
20014090
20014120
20014200
20014210
20024020
20024050
20024080
20024100
20024110
20024150
20034010
20034040
20044010
20044060
20044070
20044080
20044110
20044120
20044130
20054020
20054040
20064010
20064020
20074010
20084020
20084030
20084060
20084140
20084150
20094010
20094020
20104010
20104020
20114010
20114020
20114040
20124010
20124040
20124050
20124090
20124130
20124150
20124160
20124170
20134010
20134020
20144010
20144030
20154040
20154080
20164030
20174020
20174040
20184060
20184100
20184130
20184200
20184250
20184270
20184360
20194020
20194040
20194050
20194060
20194070
20194075
20204040
20214010
20214020
20214030
20214040
20214120
20224010
20224020
20224030
20224040
20224050
20224060
21014030
21014070
21014080
21014100
21014110
21014140
22014020
22014054
22014080
22014090
23014010
23014011
24034020
25044010
30014010
30014160
30014180
30034010
30034060
30044010
30044020
30044030
30064010
30064020
30074010
30074030
30074040
30074150
30084010
30084040
30084050
30094010
30094020
30094040
30094050
30104010
30104040
30114020
30114030
30114060
30114070
30114100
30114110
30114120
30124010
30124030
30124070
30124090
30124110
30124120
30134010
30134020
30134030
30134040
30134050
30144010
31014020
31014030
31014040
31014070
31014090
31014110
31014120
31014190
31014198
32034010
32034050
33014010
33014060
33014070
33014100
33014110
33014120
33024030
33024050
33024080
40014070
40024010
40024030
40024050
40034010
40034020
40044020
40044030
40044040
40054020
40054030
40054040
40064010
40074030
40084010
40094010
40094060
40094070
40094080
40094090
40094110
40094120
40094150
40094160
41044020
41044040
41054030
50014020
50014030
50014060
50014070
50024010
50024020
50024040
50024050
50034030
50034040
50034050
50034060
50044020
50044030
50044040
50054010
50054020
50064020
51014060
51014070
51014090
51014100
