1001625
1001626
1001629
1001630
1001645
1001655
1001660
1001690
1002625
1002650
1002685
1002687
1003620
1003645
1003658
1003661
1004646
1004693
1004695
1006650
1006665
1006690
1007610
1007615
1007635
1007640
1007650
1007680
1011695
1012630
1012645
1013655
1014620
1014650
1015620
1016650
1016660
1018620
1018630
1018638
1018655
1018665
1018675
1018683
1018695
1018697
1018698
1019667
1021680
1022626
1022647
1022648
1022650
1022662
1022668
1022670
1022680
1023660
1023674
1101635
1101645
1101663
1101670
1301658
1302648
1302670
1303650
2001610
2001628
2002634
2002685
2003640
2003670
2004605
2004635
2004668
2004680
2004695
2005660
2005680
2006665
2006675
2007660
2008631
2008633
2008650
2009620
2010650
2011625
2011650
2012625
2012628
2012640
2012648
2012660
2012690
2013640
2013650
2014660
2015630
2016680
2017620
2018609
2018635
2018645
2019625
2019653
2019655
2019680
2020615
2021630
2021640
2021670
2021675
2022610
2022660
2022680
2022685
2101625
2101668
2101675
2101690
2201630
2201670
2201690
2301670
2302650
2401616
2401650
2402630
2403620
3001605
3003680
3004640
3004685
3004690
3007620
3007660
3008630
3008670
3009620
3009630
3009640
3009670
3009680
3011620
3011625
3011635
3011645
3011660
3011665
3011675
3012602
3012607
3012620
3012625
3012635
3012665
3012675
3012680
3012690
3013605
3013665
3013670
3014610
3101613
3101625
3101645
3101685
3201690
3203652
3301630
3301640
3301654
3301657
3301665
3301670
3302620
3302630
3302645
3302658
4001610
4002620
4002640
4003650
4003690
4004615
4004630
4004690
4005645
4005670
4008670
4009608
4009610
4009630
4009638
4009665
4009670
4104685
4105630
4105640
5001625
5001627
5001640
5001650
5001655
5001680
5002643
5002650
5002660
5002677
5002690
5003615
5003650
5003680
5004650
5004655
5005680
5006630
5101650
5101670
5101675
5301660
